[-0.0025631627336661911, 0.0071565923749046245]
[-0.0030417929901478402, 0.0043344569566090563]
[-0.0039276842710327386, 0.0072321547024241095]
[-0.0039276842710327386, 0.0072321547024241095]
[-0.0057387107756483591, 0.01035928590304791]
[0.0010054073762313376, 0.0075474106235080551]
[0.0082601983765036024, -0.00029437484361194421]
[0.0082601983765036024, -0.00029437484361194421]
[0.0056482437955738263, 0.0029854416088261893]
[0.0052287936007406888, 0.0068770883756068546]
[0.0051312554501163898, 0.0055802988435296186]
[0.0092527636648924716, 7.4764361306600691e-05]
[0.0010752595558165545, 0.012965951506416218]
[-0.0011110861174168374, 0.016039133368888292]
[0.0013054592532246723, 0.021218451644851477]
[0.0050866745640445465, 0.01737770998828525]
[-8.5458356734013918e-05, 0.016670472973751682]
[-0.0024324693101889228, 0.01572776615939242]
[-0.0016754283866331487, 0.012868105525427165]
[-0.001614086544449167, 0.013635729681247932]
[-0.0014123182064509354, 0.014428819364745271]
[-0.0014123182064509354, 0.014428819364745271]
[-0.0014123182064509354, 0.014428819364745271]
[-0.0014123182064509354, 0.014428819364745271]
[-0.0014123182064509354, 0.014428819364745271]
[-0.00016187286856372829, 0.014505488500637043]
[0.0007370459553537323, 0.013645009923133999]
[0.0007370459553537323, 0.013645009923133999]
[-0.00069563502715275227, 0.016403836830474638]
[-0.00069563502715275227, 0.016403836830474638]
[0.0001448450793783973, 0.015197102309875365]
[-0.00069563502715275227, 0.016403836830474638]
[-0.0035020789556101661, 0.012884476609836826]
[-0.0035020789556101661, 0.012884476609836826]
[-0.0035020789556101661, 0.012884476609836826]
[-0.0019820869724014312, 0.010469488315082209]
[0.0012019912923746379, 0.015562896065002718]
[0.00088225239779804454, 0.014785796731426659]
[0.0012019912923746379, 0.015562896065002718]
[0.00088225239779804454, 0.014785796731426659]
[0.0011210669378849403, 0.011338332522471184]
[0.0011210669378849403, 0.011338332522471184]
[-0.0011939426085845195, 0.010730820362422344]
[-0.0011939426085845195, 0.010730820362422344]
[0.0011210669378849403, 0.011338332522471184]
[-0.0016754283866331487, 0.012868105525427165]
[-0.0016754283866331487, 0.012868105525427165]
[-0.0016754283866331487, 0.012868105525427165]
[-0.0016754283866331487, 0.012868105525427165]
[0.065642263938675116, 0.19055373401379261]
[-0.0016754283866331487, 0.012868105525427165]
[-0.0016754283866331487, 0.012868105525427165]
[-0.0021620370296593361, 0.014849087469415601]
[0.0010020474787826306, 0.011901024503957025]
[0.00029479107842944607, 0.0099379739190170735]
[-0.0026631608913225691, 0.013645406775270041]
[-0.0026631608913225691, 0.013645406775270041]
[-0.0026631608913225691, 0.013645406775270041]
[-0.0015994165434933816, 0.015035018274743406]
[-0.0026631608913225691, 0.013645406775270041]
[-0.0028583293663551057, 0.012892338056071262]
[-0.0028583293663551057, 0.012892338056071262]
[-0.0028583293663551057, 0.012892338056071262]
[-0.0048628973871172043, 0.011259098065964146]
[-0.00044508991169500689, 0.013669072516496517]
[-0.00044508991169500689, 0.013669072516496517]
[-0.00044508991169500689, 0.013669072516496517]
[0.0003989383602149843, 0.014964408275964791]
[0.00065204166856913659, 0.015968875873104915]
[0.00065204166856913659, 0.015968875873104915]
[0.00058177265325287664, 0.015448796392829367]
[-0.00043595912261351621, 0.015445177781904018]
[-0.00043595912261351621, 0.015445177781904018]
[-0.00043595912261351621, 0.015445177781904018]
[-0.00043595912261351621, 0.015445177781904018]
[-0.00043595912261351621, 0.015445177781904018]
[-0.0023773767753012542, 0.010754967351397582]
[-0.0021698011606972045, 0.011454158417088856]
[-0.0041753293443582695, 0.012292463990121849]
[-0.0041753293443582695, 0.012292463990121849]
[-0.0041753293443582695, 0.012292463990121849]
[-0.0041753293443582695, 0.012292463990121849]
[-0.0017278794512862738, 0.0085348524979820262]
[-0.0017278794512862738, 0.0085348524979820262]
[-0.0017278794512862738, 0.0085348524979820262]
[-1.0332592432105159e-05, 0.008101924150716755]
[0.0022995999230162045, 0.01222915450731632]
[0.0022995999230162045, 0.01222915450731632]
[-0.0016754283866331487, 0.012868105525427165]
[-0.0016754283866331487, 0.012868105525427165]
[-0.0016754283866331487, 0.012868105525427165]
[-0.00066105682520900544, 0.015492872818632986]
[-0.00066105682520900544, 0.015492872818632986]
[-0.00066105682520900544, 0.015492872818632986]
[-0.00066105682520900544, 0.015492872818632986]
[-0.004130641486562725, 0.016822454780363261]
[-0.004130641486562725, 0.016822454780363261]
[-0.004130641486562725, 0.016822454780363261]
[-0.004130641486562725, 0.016822454780363261]
[-0.004130641486562725, 0.016822454780363261]
[-0.006975733608708623, 0.013353862080031975]
[0.0015071141207643191, 0.0094515789701885566]
[0.0015071141207643191, 0.0094515789701885566]
[0.0015071141207643191, 0.0094515789701885566]
[0.0015071141207643191, 0.0094515789701885566]
[0.0013101958298720184, 0.0086998771517021734]
[0.0013101958298720184, 0.0086998771517021734]
[0.0027789520687437896, 0.0066882162080226237]
[0.0030401686773611214, 0.007469008476966188]
[0.0013101958298720184, 0.0086998771517021734]
[0.0015071141207643191, 0.0094515789701885566]
[0.0015071141207643191, 0.0094515789701885566]
[0.004877328938111436, 0.011477741312806655]
[0.004938651302354824, 0.013956931509222947]
[0.004938651302354824, 0.013956931509222947]
[0.004938651302354824, 0.013956931509222947]
[0.004938651302354824, 0.013956931509222947]
[0.0050480896262412589, 0.014855888385680638]
[0.0037624107012272923, 0.0097566851196571047]
[0.0037624107012272923, 0.0097566851196571047]
[0.0039680590645079228, 0.010518479751321141]
[0.0037624107012272923, 0.0097566851196571047]
[0.0037624107012272923, 0.0097566851196571047]
[0.0037624107012272923, 0.0097566851196571047]
[0.0057151286351457831, 0.0095904737191738754]
[0.0057151286351457831, 0.0095904737191738754]
[0.0057151286351457831, 0.0095904737191738754]
[0.004796946685424297, 0.012980271461316528]
[0.0065552299601940867, 0.012082395362735365]
[0.0028134668351709191, 0.012789259164315281]
[0.0005779311944995591, 0.012664059580108411]
[-0.0041392166369467187, 0.017272700093906135]
[-4.3560674070075578e-06, 0.011862174737981013]
[-3.3273248770004926e-05, 0.012323530484823042]
[-3.3273248770004926e-05, 0.012323530484823042]
[0.001745648721656945, 0.010966567270831451]
[0.001745648721656945, 0.010966567270831451]
[0.002167720679057128, 0.010311320574501792]
[0.002167720679057128, 0.010311320574501792]
[0.002167720679057128, 0.010311320574501792]
[0.0015771989130570763, 0.010257874861937966]
[0.0022995999230162045, 0.01222915450731632]
[0.0022995999230162045, 0.01222915450731632]
[0.0022995999230162045, 0.01222915450731632]
[0.0022995999230162045, 0.01222915450731632]
[0.0022995999230162045, 0.01222915450731632]
[0.00094229733718464992, 0.015053182569807477]
[0.00094229733718464992, 0.015053182569807477]
[0.0017990327241372839, 0.014226677585069014]
[0.0037293023560476257, 0.0094736161223680782]
[0.0035935425091715434, 0.010249248815952239]
[0.0035935425091715434, 0.010249248815952239]
[0.0016569752126607273, 0.015472238371026403]
[0.0016569752126607273, 0.015472238371026403]
[0.0052726888548448869, 0.017089339040548879]
[0.0057827814145530176, 0.017601790997331168]
[0.0052726888548448869, 0.017089339040548879]
[0.0057827814145530176, 0.017601790997331168]
[0.0057827814145530176, 0.017601790997331168]
[0.0037984445754881691, 0.019282665520159226]
[0.0018092003548959568, 0.017014725203998937]
[-0.00049378081940676388, 0.009938606512871706]
[-0.0022824698372023722, 0.018513125913024009]
[-0.0022824698372023722, 0.018513125913024009]
[-0.0022824698372023722, 0.018513125913024009]
[-0.0022824698372023722, 0.018513125913024009]
[-0.0022824698372023722, 0.018513125913024009]
[-0.0022824698372023722, 0.018513125913024009]
[-0.0022824698372023722, 0.018513125913024009]
[-0.0022824698372023722, 0.018513125913024009]
[-0.0024474217497210127, 0.017299742929190565]
[-0.0024474217497210127, 0.017299742929190565]
[-0.00021982533633968515, 0.017427413412476556]
[-0.0024474217497210127, 0.017299742929190565]
[-0.0024474217497210127, 0.017299742929190565]
[-0.0024474217497210127, 0.017299742929190565]
[-0.0024474217497210127, 0.017299742929190565]
[-0.0024474217497210127, 0.017299742929190565]
[-0.0022824698372023722, 0.018513125913024009]
[-0.0022824698372023722, 0.018513125913024009]
[-0.0022824698372023722, 0.018513125913024009]
[-0.0022824698372023722, 0.018513125913024009]
[-0.0022824698372023722, 0.018513125913024009]
[-0.0022824698372023722, 0.018513125913024009]
[-0.003831386935231329, 0.020050631002544783]
[-0.040855602844028338, -0.017083044980102491]
[-0.040855602844028338, -0.017083044980102491]
[-0.003831386935231329, 0.020050631002544783]
[-0.003934566572664, 0.018533241404163237]
