3.017012195121951095e+02 3.887439024390243958e+02
3.017012195121951095e+02 3.887439024390243958e+02
3.017012195121951095e+02 3.887439024390243958e+02
3.017160493827160508e+02 3.888148148148148380e+02
3.017160493827160508e+02 3.888148148148148380e+02
3.018231707317073074e+02 3.888414634146341200e+02
3.017160493827160508e+02 3.888148148148148380e+02
3.017577639751552852e+02 3.888447204968944106e+02
3.017160493827160508e+02 3.888148148148148380e+02
3.016686746987952006e+02 3.886204819277108413e+02
3.017185628742515178e+02 3.886107784431137588e+02
3.017151515151514900e+02 3.886787878787878867e+02
3.018036809815951074e+02 3.886257668711656379e+02
3.019212121212121360e+02 3.886606060606060851e+02
3.019212121212121360e+02 3.886606060606060851e+02
3.019212121212121360e+02 3.886606060606060851e+02
3.019141104294478737e+02 3.887300613496932442e+02
3.018658536585365937e+02 3.888109756097560989e+02
3.018658536585365937e+02 3.888109756097560989e+02
3.019079754601227137e+02 3.887852760736196274e+02
3.018098159509202674e+02 3.887423312883435642e+02
3.017804878048780211e+02 3.887012195121951095e+02
3.017108433734939581e+02 3.887650602409638623e+02
3.016646706586826099e+02 3.887365269461078015e+02
3.017575757575757507e+02 3.887393939393939490e+02
3.016946107784431206e+02 3.888023952095808227e+02
3.016946107784431206e+02 3.888023952095808227e+02
3.016946107784431206e+02 3.888023952095808227e+02
3.017500000000000000e+02 3.888154761904762040e+02
3.016848484848484873e+02 3.887757575757575523e+02
3.016848484848484873e+02 3.887757575757575523e+02
3.016848484848484873e+02 3.887757575757575523e+02
3.017964071856287660e+02 3.887904191616766525e+02
3.019649122807017534e+02 3.886959064327485294e+02
3.020235294117646845e+02 3.887823529411764980e+02
3.020235294117646845e+02 3.887823529411764980e+02
3.020235294117646845e+02 3.887823529411764980e+02
3.020178571428571672e+02 3.888511904761904816e+02
3.019880239520958298e+02 3.887485029940119716e+02
3.019090909090909349e+02 3.887515151515151501e+02
3.020178571428571672e+02 3.888511904761904816e+02
3.020178571428571672e+02 3.888511904761904816e+02
3.019294117647058897e+02 3.888470588235294372e+02
3.019294117647058897e+02 3.888470588235294372e+02
3.019824561403509051e+02 3.888538011695906675e+02
3.020303030303030027e+02 3.887636363636363512e+02
3.019268292682926926e+02 3.885792682926829116e+02
3.018711656441717537e+02 3.885705521472392547e+02
3.019207317073170884e+02 3.885609756097560989e+02
3.019693251533742568e+02 3.885337423312883516e+02
3.019879518072289102e+02 3.886686746987952006e+02
3.019454545454545382e+02 3.886606060606060851e+02
3.018404907975460105e+02 3.886687116564417011e+02
3.019263803680981368e+02 3.886993865030675011e+02
3.019756097560975832e+02 3.886890243902439011e+02
3.019393939393939377e+02 3.886787878787878867e+02
3.019817073170731874e+02 3.887012195121951095e+02
3.018260869565217490e+02 3.887204968944099619e+02
3.018260869565217490e+02 3.887204968944099619e+02
3.018260869565217490e+02 3.887204968944099619e+02
3.017012195121951095e+02 3.886890243902439011e+02
3.017012195121951095e+02 3.886890243902439011e+02
3.017289156626505928e+02 3.887108433734939581e+02
3.017289156626505928e+02 3.887108433734939581e+02
3.017289156626505928e+02 3.887108433734939581e+02
3.017289156626505928e+02 3.886927710843373234e+02
3.017289156626505928e+02 3.886927710843373234e+02
3.017289156626505928e+02 3.886927710843373234e+02
3.017289156626505928e+02 3.887108433734939581e+02
3.017365269461078015e+02 3.886766467065868369e+02
3.017272727272727479e+02 3.887454545454545496e+02
3.016727272727272862e+02 3.887393939393939490e+02
3.016707317073170884e+02 3.887073170731707137e+02
3.016809815950920211e+02 3.886748466257668611e+02
3.016809815950920211e+02 3.886748466257668611e+02
3.016809815950920211e+02 3.886748466257668611e+02
3.016809815950920211e+02 3.886748466257668611e+02
3.016809815950920211e+02 3.886748466257668611e+02
3.016419753086419746e+02 3.886975308641975175e+02
3.016419753086419746e+02 3.886975308641975175e+02
3.016419753086419746e+02 3.886975308641975175e+02
3.020301204819277245e+02 3.888433734939758892e+02
3.020882352941176237e+02 3.888411764705882092e+02
3.021301775147928765e+02 3.888698224852071235e+02
3.020882352941176237e+02 3.888411764705882092e+02
