-5.126595780550861070e-01 -9.916988737099982076e-01
-5.137408883534332338e-01 -9.924014240667408115e-01
-5.148580397977219336e-01 -9.921247561855456309e-01
-5.155578592327297871e-01 -9.909589673594541015e-01
-5.155578592327297871e-01 -9.909589673594541015e-01
-5.155578592327297871e-01 -9.909589673594541015e-01
-5.155578592327297871e-01 -9.909589673594541015e-01
-5.155578592327297871e-01 -9.909589673594541015e-01
-5.159304185455169112e-01 -9.912566270948648395e-01
-5.149678979605638585e-01 -9.916529609708896187e-01
-5.137203977534530175e-01 -9.907080931570829696e-01
-5.137203977534530175e-01 -9.907080931570829696e-01
-5.137203977534530175e-01 -9.907080931570829696e-01
-5.137203977534530175e-01 -9.907080931570829696e-01
-5.137203977534530175e-01 -9.907080931570829696e-01
-5.137203977534530175e-01 -9.907080931570829696e-01
-5.137203977534530175e-01 -9.907080931570829696e-01
-5.137203977534530175e-01 -9.907080931570829696e-01
-5.137203977534530175e-01 -9.907080931570829696e-01
-5.137203977534530175e-01 -9.907080931570829696e-01
-5.142528644554800188e-01 -9.911875332196929955e-01
-5.140399789059322266e-01 -9.909370687863006122e-01
-5.140363127333857918e-01 -9.925035957485817129e-01
-5.140363127333857918e-01 -9.925035957485817129e-01
-5.140363127333857918e-01 -9.925035957485817129e-01
-5.140363127333857918e-01 -9.925035957485817129e-01
-5.143904062461005511e-01 -9.926509469474800174e-01
-5.145648405586318308e-01 -9.923254977155379075e-01
-5.145648405586318308e-01 -9.923254977155379075e-01
-5.145648405586318308e-01 -9.923254977155379075e-01
-5.145648405586318308e-01 -9.923254977155379075e-01
-5.145648405586318308e-01 -9.923254977155379075e-01
-5.143904062461005511e-01 -9.926509469474800174e-01
-5.145093003343977900e-01 -9.909297876916057790e-01
-5.125101859984594332e-01 -9.924306369448990806e-01
-5.134715426527437510e-01 -9.917089258481341929e-01
-5.136383322999454881e-01 -9.914738438524056674e-01
-5.135475254403124579e-01 -9.921514356024263570e-01
-5.130755361672090231e-01 -9.925091459441026664e-01
-5.134293110689861495e-01 -9.924954186274228540e-01
-5.133800180217575893e-01 -9.927964416814936133e-01
-5.146859686304109394e-01 -9.916255838353421614e-01
-5.146859686304109394e-01 -9.916255838353421614e-01
-5.142023759323408605e-01 -9.923566479882571789e-01
-5.142023759323408605e-01 -9.923566479882571789e-01
-5.142023759323408605e-01 -9.923566479882571789e-01
-5.137929103473044545e-01 -9.919970072119910220e-01
-5.134715426527437510e-01 -9.917089258481341929e-01
-5.137380533271855843e-01 -9.923119967676300446e-01
-5.137929103473044545e-01 -9.919970072119910220e-01
-5.146859686304109394e-01 -9.916255838353421614e-01
-5.146179303119213788e-01 -9.919536796134281742e-01
-5.142817770211576267e-01 -9.916624052248746990e-01
-5.142817770211576267e-01 -9.916624052248746990e-01
-5.142817770211576267e-01 -9.916624052248746990e-01
-5.142333618992322997e-01 -9.920332078777858165e-01
-5.142817770211576267e-01 -9.916624052248746990e-01
-5.142817770211576267e-01 -9.916624052248746990e-01
-5.125432807968388627e-01 -9.929899328155856741e-01
-5.131821885530665206e-01 -9.928435088929178365e-01
-5.131821885530665206e-01 -9.928435088929178365e-01
-5.131821885530665206e-01 -9.928435088929178365e-01
-5.131821885530665206e-01 -9.928435088929178365e-01
-5.131821885530665206e-01 -9.928435088929178365e-01
-5.133390326685078886e-01 -9.925247003887595065e-01
-5.133390326685078886e-01 -9.925247003887595065e-01
-5.131821885530665206e-01 -9.928435088929178365e-01
-5.131821885530665206e-01 -9.928435088929178365e-01
-5.140363127333857918e-01 -9.925035957485817129e-01
-5.148575532492085660e-01 -9.912190533747624599e-01
-5.124396192561649910e-01 -9.917224647985937169e-01
-5.125832194197527114e-01 -9.913976816721243868e-01
-5.125832194197527114e-01 -9.913976816721243868e-01
-5.125832194197527114e-01 -9.913976816721243868e-01
-5.125832194197527114e-01 -9.913976816721243868e-01
-5.125832194197527114e-01 -9.913976816721243868e-01
-5.127643859777526458e-01 -9.916381942403565963e-01
-5.127643859777526458e-01 -9.916381942403565963e-01
-5.132748440615826357e-01 -9.913114692253799376e-01
-5.132262603925122901e-01 -9.916351805287861865e-01
-5.130501237229120326e-01 -9.914424919580913098e-01
-5.130057016162273831e-01 -9.917565458235758635e-01
-5.135158046273939902e-01 -9.914369408180995213e-01
-5.135158046273939902e-01 -9.914369408180995213e-01
-5.135158046273939902e-01 -9.914369408180995213e-01
-5.137136749582071893e-01 -9.916841815333535815e-01
-5.137136749582071893e-01 -9.916841815333535815e-01
-5.140893526199085128e-01 -9.915944028699723578e-01
-5.140893526199085128e-01 -9.915944028699723578e-01
-5.135158046273939902e-01 -9.914369408180995213e-01
-5.135158046273939902e-01 -9.914369408180995213e-01
-5.135158046273939902e-01 -9.914369408180995213e-01
-5.135158046273939902e-01 -9.914369408180995213e-01
-5.135158046273939902e-01 -9.914369408180995213e-01
-5.135288465082628040e-01 -9.914884183361402092e-01
-5.135678687546848531e-01 -9.911106818207160440e-01
-5.135288465082628040e-01 -9.914884183361402092e-01
-5.135288465082628040e-01 -9.914884183361402092e-01
-5.135288465082628040e-01 -9.914884183361402092e-01
-5.134778796675995016e-01 -9.918058737648151046e-01
-5.134778796675995016e-01 -9.918058737648151046e-01
-5.135158046273939902e-01 -9.914369408180995213e-01
-5.135158046273939902e-01 -9.914369408180995213e-01
-5.135158046273939902e-01 -9.914369408180995213e-01
-5.138244795726437664e-01 -9.916694036352915465e-01
-5.136725806563868790e-01 -9.920546559566743028e-01
-5.130927514395526856e-01 -9.921480655108264601e-01
-5.135475254403124579e-01 -9.921514356024263570e-01
-5.132313237623731261e-01 -9.926934568675297443e-01
-5.132313237623731261e-01 -9.926934568675297443e-01
-5.132313237623731261e-01 -9.926934568675297443e-01
-5.143379735975887046e-01 -9.924450586709188116e-01
-5.143379735975887046e-01 -9.924450586709188116e-01
-5.143379735975887046e-01 -9.924450586709188116e-01
-5.140267468391505057e-01 -9.922057242509816355e-01
-5.140267468391505057e-01 -9.922057242509816355e-01
-5.140267468391505057e-01 -9.922057242509816355e-01
-5.140267468391505057e-01 -9.922057242509816355e-01
-5.116166322215027762e-01 -9.914721770462543438e-01
-5.120467794328096289e-01 -9.918932453597549825e-01
-5.123499827508110060e-01 -9.918595795608371457e-01
-5.123499827508110060e-01 -9.918595795608371457e-01
-5.129171275683461761e-01 -9.915477713584367470e-01
-5.129171275683461761e-01 -9.915477713584367470e-01
-5.129120303683764037e-01 -9.919071857481751575e-01
-5.129120303683764037e-01 -9.919071857481751575e-01
-5.129120303683764037e-01 -9.919071857481751575e-01
-5.130927514395526856e-01 -9.921480655108264601e-01
-5.130927514395526856e-01 -9.921480655108264601e-01
-5.130927514395526856e-01 -9.921480655108264601e-01
-5.136209633134570796e-01 -9.913192254719439545e-01
-5.134585007686277569e-01 -9.916574503801913743e-01
-5.142724308283409540e-01 -9.915082230330460877e-01
-5.146179609600172178e-01 -9.913579888022903130e-01
-5.146179609600172178e-01 -9.913579888022903130e-01
-5.146179609600172178e-01 -9.913579888022903130e-01
-5.146179609600172178e-01 -9.913579888022903130e-01
-5.146179609600172178e-01 -9.913579888022903130e-01
-5.136209633134570796e-01 -9.913192254719439545e-01
-5.133850345400121640e-01 -9.923806430276191914e-01
-5.132313237623731261e-01 -9.926934568675297443e-01
-5.132313237623731261e-01 -9.926934568675297443e-01
-5.132438965316959978e-01 -9.927430374087715670e-01
-5.137612091108810786e-01 -9.921230013650215174e-01
-5.139234175997250409e-01 -9.917990555369166072e-01
-5.139234175997250409e-01 -9.917990555369166072e-01
-5.139234175997250409e-01 -9.917990555369166072e-01
-5.139234175997250409e-01 -9.917990555369166072e-01
-5.139234175997250409e-01 -9.917990555369166072e-01
-5.142333618992322997e-01 -9.920332078777858165e-01
-5.142333618992322997e-01 -9.920332078777858165e-01
-5.142333618992322997e-01 -9.920332078777858165e-01
-5.148500332247949451e-01 -9.916406230392945664e-01
-5.151801826314449384e-01 -9.918788334837449483e-01
-5.138967058613097549e-01 -9.915990704883462792e-01
-5.143304103622263757e-01 -9.916397571843189596e-01
-5.143304103622263757e-01 -9.916397571843189596e-01
-5.143304103622263757e-01 -9.916397571843189596e-01
-5.143304103622263757e-01 -9.916397571843189596e-01
-5.133850345400121640e-01 -9.923806430276191914e-01
-5.133850345400121640e-01 -9.923806430276191914e-01
-5.133850345400121640e-01 -9.923806430276191914e-01
-5.133850345400121640e-01 -9.923806430276191914e-01
-5.133850345400121640e-01 -9.923806430276191914e-01
-5.134212541046067058e-01 -9.920235873689507988e-01
-5.134212541046067058e-01 -9.920235873689507988e-01
-5.140847224375139080e-01 -9.918933243219202334e-01
-5.141687235448437754e-01 -9.927648980748933205e-01
-5.138632832991132382e-01 -9.925245988573424549e-01
-5.138632832991132382e-01 -9.925245988573424549e-01
-5.138632832991132382e-01 -9.925245988573424549e-01
-5.138632832991132382e-01 -9.925245988573424549e-01
-5.143379735975887046e-01 -9.924450586709188116e-01
-5.140267468391505057e-01 -9.922057242509816355e-01
-5.140267468391505057e-01 -9.922057242509816355e-01
-5.140267468391505057e-01 -9.922057242509816355e-01
-5.138632832991132382e-01 -9.925245988573424549e-01
-5.138632832991132382e-01 -9.925245988573424549e-01
-5.169005410394957867e-01 -9.914259466465720205e-01
-5.165465929489079233e-01 -9.912467500698997069e-01
-5.165465929489079233e-01 -9.912467500698997069e-01
-5.165465929489079233e-01 -9.912467500698997069e-01
-5.162612508822270740e-01 -9.920768933489617636e-01
-5.162612508822270740e-01 -9.920768933489617636e-01
-5.162612508822270740e-01 -9.920768933489617636e-01
-5.170059005622477111e-01 -9.910670170200257534e-01
-5.170059005622477111e-01 -9.910670170200257534e-01
-5.170059005622477111e-01 -9.910670170200257534e-01
-5.156553850326355271e-01 -9.920100047177907721e-01
-5.147252014351643146e-01 -9.923762717935971089e-01
-5.129448049661745612e-01 -9.924598529115186141e-01
-5.146179609600172178e-01 -9.913579888022903130e-01
-5.143379735975887046e-01 -9.924450586709188116e-01
-5.143379735975887046e-01 -9.924450586709188116e-01
-5.143379735975887046e-01 -9.924450586709188116e-01
-5.143379735975887046e-01 -9.924450586709188116e-01
-5.149028610434107645e-01 -9.918492205939678508e-01
-5.149028610434107645e-01 -9.918492205939678508e-01
-5.149028610434107645e-01 -9.918492205939678508e-01
-5.152339505267273800e-01 -9.920901275789156815e-01
-5.149028610434107645e-01 -9.918492205939678508e-01
-5.149028610434107645e-01 -9.918492205939678508e-01
-5.145169297788304563e-01 -9.916849766017163947e-01
-5.163982337001833400e-01 -9.925841722704450421e-01
-5.166095099300682669e-01 -9.922400585093217318e-01
-5.153947288667527493e-01 -9.927240950775281236e-01
-5.153947288667527493e-01 -9.927240950775281236e-01
-5.153947288667527493e-01 -9.927240950775281236e-01
-5.155872925207214408e-01 -9.923909469913524406e-01
-5.152347726361642399e-01 -9.922341913874228592e-01
-5.155872925207214408e-01 -9.923909469913524406e-01
-5.155872925207214408e-01 -9.923909469913524406e-01
-5.155872925207214408e-01 -9.923909469913524406e-01
-5.152330292444115001e-01 -9.919533605494329498e-01
-5.155578592327297871e-01 -9.909589673594541015e-01
-5.155578592327297871e-01 -9.909589673594541015e-01
-5.152094879042780073e-01 -9.907234992848948929e-01
-5.150196493135906772e-01 -9.909170578585804190e-01
-5.146179609600172178e-01 -9.913579888022903130e-01
-5.142909559407707887e-01 -9.911234712629484189e-01
-5.142909559407707887e-01 -9.911234712629484189e-01
-5.155578592327297871e-01 -9.909589673594541015e-01
-5.142909559407707887e-01 -9.911234712629484189e-01
-5.142909559407707887e-01 -9.911234712629484189e-01
-5.155578592327297871e-01 -9.909589673594541015e-01
-5.155578592327297871e-01 -9.909589673594541015e-01
-5.145093003343977900e-01 -9.909297876916057790e-01
-5.148575532492085660e-01 -9.912190533747624599e-01
-5.149516307984184360e-01 -9.908154553704876522e-01
-5.149516307984184360e-01 -9.908154553704876522e-01
-5.149516307984184360e-01 -9.908154553704876522e-01
-5.149516307984184360e-01 -9.908154553704876522e-01
-5.149516307984184360e-01 -9.908154553704876522e-01
-5.139485683005160510e-01 -9.916059614013547074e-01
-5.139485683005160510e-01 -9.916059614013547074e-01
-5.139485683005160510e-01 -9.916059614013547074e-01
-5.139485683005160510e-01 -9.916059614013547074e-01
-5.139485683005160510e-01 -9.916059614013547074e-01
-5.133850345400121640e-01 -9.923806430276191914e-01
-5.136971412380467727e-01 -9.926699735444515227e-01
-5.136971412380467727e-01 -9.926699735444515227e-01
-5.136971412380467727e-01 -9.926699735444515227e-01
-5.133850345400121640e-01 -9.923806430276191914e-01
-5.136971412380467727e-01 -9.926699735444515227e-01
-5.136971412380467727e-01 -9.926699735444515227e-01
-5.133850345400121640e-01 -9.923806430276191914e-01
-5.133850345400121640e-01 -9.923806430276191914e-01
-5.136971412380467727e-01 -9.926699735444515227e-01
-5.136971412380467727e-01 -9.926699735444515227e-01
-5.130927514395526856e-01 -9.921480655108264601e-01
-5.148575532492085660e-01 -9.912190533747624599e-01
-5.159304185455169112e-01 -9.912566270948648395e-01
-5.145093003343977900e-01 -9.909297876916057790e-01
-5.145093003343977900e-01 -9.909297876916057790e-01
-5.145093003343977900e-01 -9.909297876916057790e-01
-5.145093003343977900e-01 -9.909297876916057790e-01
-5.148575532492085660e-01 -9.912190533747624599e-01
-5.148575532492085660e-01 -9.912190533747624599e-01
-5.148575532492085660e-01 -9.912190533747624599e-01
-5.148575532492085660e-01 -9.912190533747624599e-01
-5.148575532492085660e-01 -9.912190533747624599e-01
-5.148575532492085660e-01 -9.912190533747624599e-01
-5.137637132292307562e-01 -9.916101249213421509e-01
-5.148127662997887821e-01 -9.908900350182709982e-01
-5.153248772513510101e-01 -9.907081150527011770e-01
-5.149838539663068593e-01 -9.904790994916401470e-01
-5.153248772513510101e-01 -9.907081150527011770e-01
-5.149838539663068593e-01 -9.904790994916401470e-01
-5.149838539663068593e-01 -9.904790994916401470e-01
-5.155578592327297871e-01 -9.909589673594541015e-01
-5.152094879042780073e-01 -9.907234992848948929e-01
-5.155578592327297871e-01 -9.909589673594541015e-01
-5.146179609600172178e-01 -9.913579888022903130e-01
-5.146179609600172178e-01 -9.913579888022903130e-01
-5.131244267964356620e-01 -9.908545197187537124e-01
-5.136209633134570796e-01 -9.913192254719439545e-01
-5.141834218307246296e-01 -9.907009243344103711e-01
